学号	分数
131070058	75
131180029	90
131180048	98
131180066	95
131220153	82
131220169	96
141170081	96
141180004	89
141180024	65
141180034	96
141180063	98
141180074	95
141220004	98
141220005	97
141220037	97
141220041	96
141220091	95
141220092	93
141220100	89
141220105	95
141220107	96
141220108	80
141220112	92
141220114	96
141220118	91
141220120	91
141220135	93
141220149	90
141242006	95
141242042	91
141242066	96
141242075	84
141242078	93
141250069	97
141250148	96
141250169	95
141270020	92
141270021	96
141270037	96
141270038	96
141270044	97
151150010	84
151160014	91
151160060	96
151160072	66
151220009	93
151220133	91
151220172	84
151242011	93
151242031	70
151242062	91
151250104	96
151278019	86
131220003	96
131220005	96
131220009	96
MF1633036	90
MG1633072	95
MG1633083	96
MG1633020	97
MG1633003	63
MF1633006	92
MG1633029	96
MG1633100	95
MG1633084	75
MG1633111	91
MG1633037	93
MG1633106	60
MF1633011	94
MG1633097	96
MF1633052	93
MG1633089	95
MF1633034	95
MG1633062	95
MG1633095	94
MF1633013	95
MG1633048	96
MF1633027	97
MF1633050	93
MF1633059	94
MG1633007	90
MG1633058	89
MF1633033	93
MG1633043	98
MF1633008	87
MF1633049	94
MF1633004	92
MF1633035	96
MG1633088	97
MG1633065	95
MG1633091	95
MG1633005	97
MF1633046	75
MG1633071	75
MF1633072	84
MF1633061	92
MG1633085	69
MG1633050	98
MF1633010	92
MG1633108	86
MG1633032	98
MF1633065	82
DZ1633016	99
MF1633025	93
MF1633047	99
MF1633054	90
MF1633048	75
MG1633076	96
MF1633018	98
DZ1633003	97
MG1633045	93
MF1633043	93
MG1633074	89
MG1633080	83
MF1633058	94
MG1633075	93
DZ1633010	93
MG1633105	88
MG1633053	96
MG1633039	92
MF1633044	93
MG1633066	94
MF1633005	94
MG1633073	98
MG1633057	50
MG1633026	91
MG1633051	94
DZ1633006	94
MG1633078	94
DZ1633021	93
DZ1633005	97
MG1633049	95
MG1633109	96
MG1633033	95

